@000000
-000070
-000400
-016700
-177770
-016705
-177766
-040005
-040500
-000000
-016700
-177752
-016705
-177750
-041005
-041500
-000000
-016700
-177734
-016705
-177732
-042005
-042500
-000000
-016700
-177716
-016705
-177714
-043005
-043500
-000000
-016700
-177700
-016705
-177676
-044005
-044500
-000000
-016700
-177662
-016705
-177660
-045005
-045500
-000000
-016700
-177644
-016705
-177642
-040065
-000020
-040560
-000020
-000000
-016700
-177622
-016705
-177620
-040075
-000020
-040570
-000020
-000000
@000174
-016700
-177600
-016705
-177576
-042700
-000100
-042705
-000200
-000000
-016700
-177556
-016705
-177554
-043700
-000100
-043705
-000100
-000000
-016700
-177534
-016705
-177532
-047700
-177524
-047705
-177522
-000000
