@000000
-000070
-000400
-016700
-177770
-016705
-177766
-130005
-130500
-000000
-016700
-177752
-016705
-177750
-131005
-131500
-000000
-016700
-177734
-016705
-177732
-132005
-132500
-000000
-016700
-177716
-016705
-177714
-133005
-133500
-000000
-016700
-177700
-016705
-177676
-134005
-134500
-000000
-016700
-177662
-016705
-177660
-135005
-135500
-000000
-016700
-177644
-016705
-177642
-136005
-000003
-136500
-000003
-000000
-016700
-177622
-016705
-177620
-137005
-000003
-137500
-000003
-000000
@000174
-016700
-177600
-016705
-177576
-131600
-131605
-000000
-016700
-177562
-016705
-177560
-132600
-132605
-000000
-016700
-177544
-016705
-177542
-133600
-133605
-000000
-016700
-177526
-016705
-177524
-134600
-134605
-000000
-016700
-177510
-016705
-177506
-137600
-000004
-137605
-000004
-000000
-016700
-177466
-016705
-177464
-136600
-000004
-136605
-000004
-000000
-016700
-177444
-016705
-177442
-132700
-000100
-132705
-000200
-000000
-016700
-177422
-016705
-177420
-133700
-000100
-133705
@000370
-000100
-000000
