@000000
-000070
-016700
-177772
-016705
-177767
-120005
-120500
-000000
-016700
-177754
-016705
-177751
-120015
-120510
-000000
-016700
-177736
-016705
-177733
-120025
-120520
-000000
-016700
-177720
-016705
-177715
-120035
-120530
-000000
-016700
-177702
-016705
-177677
-120045
-120540
-000000
-016700
-177664
-016705
-177661
-120055
-120550
-000000
-016700
-177646
-016705
-177643
-120065
-000020
-120560
-000020
-000000
-016700
-177624
-016705
-177621
-120075
-000020
-120570
-000020
-000000
-016700
@000174
-177602
-016705
-177577
-122700
-000100
-122705
-000200
-000000
-016700
-177560
-016705
-177555
-123700
-000100
-123705
-000100
-000000
-016700
-177536
-016705
-177533
-127700
-177526
-127705
-177523
-000000
