@000000
-000070
-016700
-177772
-016705
-177767
-150005
-150500
-000000
-016700
-177754
-016705
-177751
-150015
-150510
-000000
-016700
-177736
-016705
-177733
-150025
-150520
-000000
-016700
-177720
-016705
-177715
-150035
-150530
-000000
-016700
-177702
-016705
-177677
-150045
-150540
-000000
-016700
-177664
-016705
-177661
-150055
-150550
-000000
-016700
-177646
-016705
-177643
-150065
-000020
-150560
-000020
-000000
-016700
-177624
-016705
-177621
-150075
-000020
-150570
-000020
-000000
-016700
@000174
-177602
-016705
-177577
-152700
-000100
-152705
-000200
-000000
-016700
-177560
-016705
-177555
-153700
-000100
-153705
-000100
-000000
-016700
-177536
-016705
-177533
-157700
-177526
-157705
-177523
-000000
