@000000
-000070
-016700
-177772
-016705
-177767
-140005
-140500
-000000
-016700
-177754
-016705
-177751
-140015
-140510
-000000
-016700
-177736
-016705
-177733
-140025
-140520
-000000
-016700
-177720
-016705
-177715
-140035
-140530
-000000
-016700
-177702
-016705
-177677
-140045
-140540
-000000
-016700
-177664
-016705
-177661
-140055
-140550
-000000
-016700
-177646
-016705
-177643
-140065
-000020
-140560
-000020
-000000
-016700
-177624
-016705
-177621
-140075
-000020
-140570
-000020
-000000
-016700
@000174
-177602
-016705
-177577
-142700
-000100
-142705
-000200
-000000
-016700
-177560
-016705
-177555
-143700
-000100
-143705
-000100
-000000
-016700
-177536
-016705
-177533
-147700
-177526
-147705
-177523
-000000
