@000000
-000070
-000400
-016700
-177770
-016705
-177766
-020005
-020500
-000000
-016700
-177752
-016705
-177750
-020015
-020510
-000000
-016700
-177734
-016705
-177732
-020025
-020520
-000000
-016700
-177716
-016705
-177714
-020035
-020530
-000000
-016700
-177700
-016705
-177676
-020045
-020540
-000000
-016700
-177662
-016705
-177660
-020055
-020550
-000000
-016700
-177644
-016705
-177642
-020065
-000020
-020560
-000020
-000000
-016700
-177622
-016705
-177620
-020075
-000020
-020570
-000020
-000000
@000174
-016700
-177600
-016705
-177576
-022700
-000100
-022705
-000200
-000000
-016700
-177556
-016705
-177554
-023700
-000100
-023705
-000100
-000000
-016700
-177534
-016705
-177532
-027700
-177524
-027705
-177522
-000000
