@000000
-000070
-000400
-016700
-177770
-016705
-177766
-030005
-030500
-000000
-016700
-177752
-016705
-177750
-030015
-030510
-000000
-016700
-177734
-016705
-177732
-030025
-030520
-000000
-016700
-177716
-016705
-177714
-030035
-030530
-000000
-016700
-177700
-016705
-177676
-030045
-030540
-000000
-016700
-177662
-016705
-177660
-030055
-030550
-000000
-016700
-177644
-016705
-177642
-030065
-000020
-030560
-000020
-000000
-016700
-177622
-016705
-177620
-030075
-000020
-030570
-000020
-000000
@000174
-016700
-177600
-016705
-177576
-032700
-000100
-032705
-000200
-000000
-016700
-177556
-016705
-177554
-033700
-000100
-033705
-000100
-000000
-016700
-177534
-016705
-177532
-037700
-177524
-037705
-177522
-000000
