@000000
-000070
-000400
-016700
-177770
-016705
-177766
-010005
-010500
-000000
-016700
-177752
-016705
-177750
-011005
-011500
-000000
-016700
-177734
-016705
-177732
-012005
-012500
-000000
-016700
-177716
-016705
-177714
-013005
-013500
-000000
-016700
-177700
-016705
-177676
-014005
-014500
-000000
-016700
-177662
-016705
-177660
-015005
-015500
-000000
-016700
-177644
-016705
-177642
-016005
-000003
-016500
-000003
-000000
-016700
-177622
-016705
-177620
-017005
-000003
-017500
-000003
-000000
@000174
-016700
-177600
-016705
-177576
-012700
-000100
-012705
-000200
-000000
-016700
-177556
-016705
-177554
-013700
-000100
-013705
-000100
-000000
-016700
-177534
-016705
-177532
-017700
-177524
-017705
-177522
-000000
