@000000
-000070
-000400
-016700
-177770
-016705
-177766
-072500
-072005
-000000
-016700
-177752
-016705
-177750
-072510
-072015
-000000
-016700
-177734
-016705
-177732
-072520
-072025
-000000
-016700
-177716
-016705
-177714
-072530
-072035
-000000
-016700
-177700
-016705
-177676
-072540
-072045
-000000
-016700
-177662
-016705
-177660
-072550
-072055
-000000
-016700
-177644
-016705
-177642
-072560
-000003
-072065
-000003
-000000
-016700
-177622
-016705
-177620
-072570
-000003
-072075
-000003
-000000
@000174
-016700
-177600
-016705
-177576
-072027
-000100
-072527
-000200
-000000
-016700
-177556
-016705
-177554
-072037
-000100
-072537
-000100
-000000
-016700
-177534
-016705
-177532
-072077
-177524
-072577
-177522
-000000
