@000000
-000070
-000400
-016700
-177770
-016705
-177766
-073500
-073005
-000000
-016700
-177752
-016705
-177750
-073510
-073015
-000000
-016700
-177734
-016705
-177732
-073520
-073025
-000000
-016700
-177716
-016705
-177714
-073530
-073035
-000000
-016700
-177700
-016705
-177676
-073540
-073045
-000000
-016700
-177662
-016705
-177660
-073550
-073055
-000000
-016700
-177644
-016705
-177642
-073560
-000003
-073065
-000003
-000000
-016700
-177622
-016705
-177620
-073570
-000003
-073075
-000003
-000000
@000174
-016700
-177600
-016705
-177576
-073027
-000100
-073527
-000200
-000000
-016700
-177556
-016705
-177554
-073037
-000100
-073537
-000100
-000000
-016700
-177534
-016705
-177532
-073077
-177524
-073577
-177522
-000000
