@000000
-000070
-000400
-016700
-177770
-016705
-177766
-071500
-071005
-000000
-016700
-177752
-016705
-177750
-071510
-071015
-000000
-016700
-177734
-016705
-177732
-071520
-071025
-000000
-016700
-177716
-016705
-177714
-071530
-071035
-000000
-016700
-177700
-016705
-177676
-071540
-071045
-000000
-016700
-177662
-016705
-177660
-071550
-071055
-000000
-016700
-177644
-016705
-177642
-071560
-000003
-071065
-000003
-000000
-016700
-177622
-016705
-177620
-071570
-000003
-071075
-000003
-000000
@000174
-016700
-177600
-016705
-177576
-071027
-000100
-071527
-000200
-000000
-016700
-177556
-016705
-177554
-071037
-000100
-071537
-000100
-000000
-016700
-177534
-016705
-177532
-071077
-177524
-071577
-177522
-000000
