@000000
-000070
-016700
-177772
-016705
-177767
-110005
-110500
-000000
-016700
-177754
-016705
-177751
-111005
-111500
-000000
-016700
-177736
-016705
-177733
-112005
-112500
-000000
-016700
-177720
-016705
-177715
-113005
-113500
-000000
-016700
-177702
-016705
-177677
-114005
-114500
-000000
-016700
-177664
-016705
-177661
-115005
-115500
-000000
-016700
-177646
-016705
-177643
-116005
-000003
-116500
-000003
-000000
-016700
-177624
-016705
-177621
-117005
-000003
-117500
-000003
-000000
-016700
@000174
-177602
-016705
-177577
-112700
-000100
-112705
-000200
-000000
-016700
-177560
-016705
-177555
-113700
-000100
-113705
-000100
-000000
-016700
-177536
-016705
-177533
-117700
-177526
-117705
-177523
-000000
