@000000
-000070
-000400
-016700
-177770
-016705
-177766
-070500
-070005
-000000
-016700
-177752
-016705
-177750
-070510
-070015
-000000
-016700
-177734
-016705
-177732
-070520
-070025
-000000
-016700
-177716
-016705
-177714
-070530
-070035
-000000
-016700
-177700
-016705
-177676
-070540
-070045
-000000
-016700
-177662
-016705
-177660
-070550
-070055
-000000
-016700
-177644
-016705
-177642
-070560
-000003
-070065
-000003
-000000
-016700
-177622
-016705
-177620
-070570
-000003
-070075
-000003
-000000
@000174
-016700
-177600
-016705
-177576
-070027
-000100
-070527
-000200
-000000
-016700
-177556
-016705
-177554
-070037
-000100
-070537
-000100
-000000
-016700
-177534
-016705
-177532
-070077
-177524
-070577
-177522
-000000
