@000000
-000070
-000400
-016700
-177770
-016705
-177766
-074005
-074500
-000000
-016700
-177752
-016705
-177750
-074510
-074015
-000000
-016700
-177734
-016705
-177732
-074025
-074520
-000000
-016700
-177716
-016705
-177714
-074035
-074530
-000000
-016700
-177700
-016705
-177676
-074540
-074045
-000000
-016700
-177662
-016705
-177660
-074550
-074050
-000000
-016700
-177644
-016705
-177642
-074560
-000020
-074065
-000020
-000000
-016700
-177622
-016705
-177620
-074570
-000020
-074075
-000020
-000000
@000174
-016700
-177600
-016705
-177576
-074027
-000100
-074527
-000200
-000000
-016700
-177556
-016705
-177554
-074037
-000100
-074537
-000100
-000000
-016700
-177534
-016705
-177532
-074077
-177524
-074577
-177522
-000000
