@000000
-000070
-000400
-016700
-177770
-016705
-177766
-160005
-160500
-000000
-016700
-177752
-016705
-177750
-160015
-160510
-000000
-016700
-177734
-016705
-177732
-160025
-160520
-000000
-016700
-177716
-016705
-177714
-160035
-160530
-000000
-016700
-177700
-016705
-177676
-160045
-160540
-000000
-016700
-177662
-016705
-177660
-160055
-160550
-000000
-016700
-177644
-016705
-177642
-160065
-000020
-160560
-000020
-000000
-016700
-177622
-016705
-177620
-160075
-000020
-160570
-000020
-000000
@000174
-016700
-177600
-016705
-177576
-162700
-000100
-162705
-000200
-000000
-016700
-177556
-016705
-177554
-163700
-000100
-163705
-000100
-000000
-016700
-177534
-016705
-177532
-167700
-177524
-167705
-177522
-000000
