@000000
-000070
-000400
-016700
-177770
-016705
-177766
-050005
-050500
-000000
-016700
-177752
-016705
-177750
-050015
-050510
-000000
-016700
-177734
-016705
-177732
-050025
-050520
-000000
-016700
-177716
-016705
-177714
-050035
-050530
-000000
-016700
-177700
-016705
-177676
-050045
-050540
-000000
-016700
-177662
-016705
-177660
-050055
-050550
-000000
-016700
-177644
-016705
-177642
-050065
-000020
-050560
-000020
-000000
-016700
-177622
-016705
-177620
-050075
-000020
-050570
-000020
-000000
@000174
-016700
-177600
-016705
-177576
-052700
-000100
-052705
-000200
-000000
-016700
-177556
-016705
-177554
-053700
-000100
-053705
-000100
-000000
-016700
-177534
-016705
-177532
-057700
-177524
-057705
-177522
-000000
