@000000
-000070
-000400
-016700
-177770
-016705
-177766
-060005
-060500
-000000
-016700
-177752
-016705
-177750
-060015
-060510
-000000
-016700
-177734
-016705
-177732
-060025
-060520
-000000
-016700
-177716
-016705
-177714
-060035
-060530
-000000
-016700
-177700
-016705
-177676
-060045
-060540
-000000
-016700
-177662
-016705
-177660
-060055
-060550
-000000
-016700
-177644
-016705
-177642
-060065
-000020
-060560
-000020
-000000
-016700
-177622
-016705
-177620
-060075
-000020
-060570
-000020
-000000
@000174
-016700
-177600
-016705
-177576
-062700
-000100
-062705
-000200
-000000
-016700
-177556
-016705
-177554
-063700
-000100
-063705
-000100
-000000
-016700
-177534
-016705
-177532
-067700
-177524
-067705
-177522
-000000
